desi2/data/main-800coaddefftime1200-nz-zenodo.ecsv
# %ECSV 0.9
# ---
# datatype:
# - {name: ZMIN, datatype: float64}
# - {name: ZMAX, datatype: float64}
# - {name: ELG_LOP_NORTH, datatype: float64}
# - {name: ELG_LOP_SOUTH_DECALS, datatype: float64}
# - {name: ELG_LOP_SOUTH_DES, datatype: float64}
# - {name: ELG_VLO_NORTH, datatype: float64}
# - {name: ELG_VLO_SOUTH_DECALS, datatype: float64}
# - {name: ELG_VLO_SOUTH_DES, datatype: float64}
# - {name: ELG_LOP_DESI, datatype: float64}
# - {name: ELG_VLO_DESI, datatype: float64}
# meta: !!omap
# - {AREA_NORTH: 4400}
# - {AREA_SOUTH_DECALS: 8500}
# - {AREA_SOUTH_DES: 1100}
# - {FA_ELG_LOP: 0.69}
# - {TARGDENS_ELG_LOP_NORTH: 1930}
# - {ZOKFRAC_ELG_LOP_NORTH: 0.6991174329654662}
# - {OBSZOKDENS_ELG_LOP_NORTH: 931.0146854801113}
# - {TARGDENS_ELG_LOP_SOUTH_DECALS: 1950}
# - {ZOKFRAC_ELG_LOP_SOUTH_DECALS: 0.6765386185387892}
# - {OBSZOKDENS_ELG_LOP_SOUTH_DECALS: 910.2827112439408}
# - {TARGDENS_ELG_LOP_SOUTH_DES: 1900}
# - {ZOKFRAC_ELG_LOP_SOUTH_DES: 0.7316573416155608}
# - {OBSZOKDENS_ELG_LOP_SOUTH_DES: 959.2027748580002}
# - {FA_ELG_VLO: 0.42}
# - {TARGDENS_ELG_VLO_NORTH: 410}
# - {ZOKFRAC_ELG_VLO_NORTH: 0.9289786814394229}
# - {OBSZOKDENS_ELG_VLO_NORTH: 159.9701289438686}
# - {TARGDENS_ELG_VLO_SOUTH_DECALS: 490}
# - {ZOKFRAC_ELG_VLO_SOUTH_DECALS: 0.9340832615018847}
# - {OBSZOKDENS_ELG_VLO_SOUTH_DECALS: 192.23433521708787}
# - {TARGDENS_ELG_VLO_SOUTH_DES: 480}
# - {ZOKFRAC_ELG_VLO_SOUTH_DES: 0.9486501837633932}
# - {OBSZOKDENS_ELG_VLO_SOUTH_DES: 191.24787704670004}
# - {TARGDENS_ELG_LOP_DESI: 1939.7857142857142}
# - {OBSZOKDENS_ELG_LOP_DESI: 920.6421938592705}
# - {AREA_DESI: 14000.0}
# - {ZOKFRAC_ELG_LOP_DESI: 0.6878409502890486}
# - {TARGDENS_ELG_VLO_DESI: 464.07142857142856}
# - {OBSZOKDENS_ELG_VLO_DESI: 182.0166486749742}
# - {ZOKFRAC_ELG_VLO_DESI: 0.9338497187161984}
# schema: astropy-2.0
ZMIN ZMAX ELG_LOP_NORTH ELG_LOP_SOUTH_DECALS ELG_LOP_SOUTH_DES ELG_VLO_NORTH ELG_VLO_SOUTH_DECALS ELG_VLO_SOUTH_DES ELG_LOP_DESI ELG_VLO_DESI
0.0 0.05 0.8990321216024102 1.9879486757969815 0.6669046508321463 0.03341407401374804 0.06729422918536224 0.018990377700969605 1.5419214425171652 0.052850877800509774
0.05 0.1 6.852721192424513 9.022652381422006 4.460079975513223 0.0185279117235184 0.060162642143573954 0.01784250958437482 7.982186175844246 0.04375228788190514
0.1 0.15000000000000002 11.947744630490366 14.983147275889257 6.9491970323749195 0.08257359950985005 0.09359455959320308 0.05947503194791606 13.397924639630622 0.08745000925201958
0.15000000000000002 0.2 7.280142186231011 8.205656405276388 1.865407051505428 0.1576918423146978 0.0979694635193358 0.023790012779166432 7.4166180586372645 0.11091096858257911
0.2 0.25 7.005093777076689 6.98698723679214 1.0013837571157727 0.14181545152687725 0.15549111993599185 0.011895006389583216 6.522380447478427 0.1399105009430523
0.25 0.30000000000000004 6.334307866410152 5.266083527215795 0.6453026714916328 0.23233543013722907 0.1824563246711117 0.029737515973958045 5.238749823727123 0.1861332799914008
0.30000000000000004 0.35000000000000003 5.342869901533304 3.899840790591693 0.5715933093487177 0.3569650978216204 0.30371335859556003 0.01880005759873628 4.091859066218537 0.29806357441685716
0.35000000000000003 0.4 3.224199201249335 1.833663324925329 0.3223346867707884 0.2369510406549256 0.1831319974213394 0.046188309810751615 2.151941635915017 0.18928669269677748
0.4 0.45 3.8540193464884815 1.7804544241759583 0.5008874558659905 0.3165948732049611 0.15235957728082647 0.01884763762429463 2.3316088522498255 0.1934861607411127
0.45 0.5 5.1433368554891015 3.7284357542728044 2.1269404784682684 0.33559743991079605 0.3272354090418481 0.07035896279438475 4.0472871858418555 0.30968032653835964
0.5 0.55 3.6034370551502217 1.9989680383359165 0.7893779551293758 0.3022242844300065 0.2106309527765026 0.05423528163330467 2.408190508511327 0.22712919713492397
0.55 0.6000000000000001 3.9196661876360634 2.2104974489477307 0.7826445078074654 0.35988668107484345 0.22012739444408783 0.09253125470456793 2.6354763214459003 0.25402633069136304
0.6000000000000001 0.65 6.649709736658873 3.586706742772696 1.1939435867533978 0.8765649967393015 0.5299881409612417 0.21309309196618836 4.361362007163978 0.614013398927592
0.65 0.7000000000000001 12.129436170491319 6.960621898138372 2.067224207060056 1.834132321322854 1.0807971839997106 0.24749939794805828 8.20062513657886 1.2520862582543546
0.7000000000000001 0.75 26.354711906297258 18.15146917729534 10.873399840281571 5.88969087841887 4.350166281788751 0.9970394355748641 20.157782872787717 4.57055690281284
0.75 0.8 40.22196548195259 31.676024249444357 27.84072317478481 11.638229185544802 11.386671666880597 5.30592818265985 34.06054640950941 10.987959898986288
0.8 0.8500000000000001 52.25156999066261 44.536422129888415 48.62297748119456 17.795740045882354 19.362076787896775 16.14206489345516 47.28226937802007 18.616798591557544
0.8500000000000001 0.9 57.452978049647754 52.25270011530334 62.33451605446016 18.459176771854978 22.278379106318553 25.64499739309959 54.67921586131676 21.342578380877082
0.9 0.9500000000000001 64.52374472337753 57.61859077818322 64.69891066798145 21.400089940047017 24.92325226549811 28.5840809943729 60.34509286658558 24.103609220482216
0.9500000000000001 1.0 61.27707916420843 57.754476422654356 64.50013427390667 18.37993394092775 24.027358020283042 26.604299920903575 59.39159611545546 22.454927316105845
1.0 1.05 57.35860501585818 57.424085884174765 66.31917553358353 13.137394212364155 16.802886029552752 19.4457363880724 58.10240608372881 15.858526843748596
1.05 1.1 55.31955993436649 54.595826055032276 62.14557906162422 10.917555615669887 13.748181866827503 15.508298953018043 55.41648015334096 12.996851387521508
1.1 1.1500000000000001 53.875003735323574 53.35951020362626 60.16866034828076 9.069821973991717 11.817906687342665 12.89353270095682 54.05652711066826 11.038736392787765
1.1500000000000001 1.2000000000000002 51.457932380844035 53.656616628483995 60.24483305318554 6.635643917955259 10.251769756011484 10.846871954062028 53.48324715545227 9.162031093897784
1.2000000000000002 1.25 50.6842011757252 52.74432214066532 58.6458348915388 6.171013976213643 8.295151052427363 8.271049952919988 52.560545839252775 7.625671456370329
1.25 1.3 49.00597922101343 50.535033336037735 56.636366526203474 5.0107853415943024 6.883951436197842 7.25898117677192 50.533863936257404 6.324708714653265
1.3 1.35 45.7936417877463 49.461143340507654 56.5298094895037 4.194010505213696 5.624107143915252 5.467640794526318 48.8638951927752 5.1623544157284895
1.35 1.4000000000000001 44.97305627340224 48.17445937834981 55.249965555068265 2.531719654902526 3.866076066255597 3.136695342423536 47.724236744965594 3.389398422957827
1.4000000000000001 1.4500000000000002 42.53242422985474 46.47677448751832 54.29271707714911 1.5641354734508397 2.3390957591687855 2.3613788259504984 45.85123132429505 2.0972876246188514
1.4500000000000002 1.5 36.7019581491095 42.74402758460675 50.36711263186719 1.0417858491182308 1.5338419335548852 1.0528805430708204 41.44404815859236 1.341405912051046
1.5 1.55 25.095716489530172 29.18599568192672 32.22884467072301 0.4639425103878215 0.6014197087678308 0.4595873618743342 28.13956035629323 0.5470686191639103
1.55 1.6 23.81211816355462 27.946383419682707 32.83535784277421 0.2785406375537425 0.39042006697922566 0.2589780791139942 27.031176615285354 0.3449303758275199
1.6 1.6500000000000001 8.136723378704843 9.537186306006346 10.724635357852002 0.10564346839176669 0.08667122785117795 0.08454970541715957 9.190340382928031 0.09246724097269013
1.6500000000000001 1.7000000000000002 0.0 0.0 0.0 0.0 0.0 0.0 0.0 0.0
1.7000000000000002 1.75 0.0 0.0 0.0 0.0 0.0 0.0 0.0 0.0
1.75 1.8 0.0 0.0 0.0 0.0 0.0 0.0 0.0 0.0
1.8 1.85 0.0 0.0 0.0 0.0 0.0 0.0 0.0 0.0
1.85 1.9000000000000001 0.0 0.0 0.0 0.0 0.0 0.0 0.0 0.0
1.9000000000000001 1.9500000000000002 0.0 0.0 0.0 0.0 0.0 0.0 0.0 0.0
1.9500000000000002 2.0 0.0 0.0 0.0 0.0 0.0 0.0 0.0 0.0
