lrg_paper/data/sv_overview_figure_10.ecsv
# %ECSV 1.0
# ---
# datatype:
# - {name: DELTACHI2, datatype: float64}
# - {name: dv, datatype: float64}
# - {name: accepted, datatype: bool}
# schema: astropy-2.0
DELTACHI2 dv accepted
[from data line 4982]
82.55177190899849 100.82168159297774 True
61.61315365880728 9.850913999316091 True
203.21041985601187 33.262812283308506 True
193.87882992252707 44.71512546065128 True
181.5347024872899 15.259346627700149 True
523.9732542559505 16.623709819697307 True
78.901257134974 314.0512813525228 True
731.1505775153637 16.157782364463504 True
327.52576787397265 40.063370355795065 True
137.30775716900826 232.45724419365396 True
144.4909679070115 71.27501171142389 True
1881.2279191631824 36.83694739171333 True
789.2986652180552 16.264982728278017 True
669.7961323447526 37.51217385044017 True
135.01740911602974 181.45864518534958 True
573.4569995030761 0.5475992223720932 True
1076.3162469863892 13.04570884551274 True
291.4281709641218 63.86751053773961 True
114.48700965940952 78.14253890130394 True
296.2282871408388 8.7158135614933 True
643.8293529264629 20.65420691736826 True
194.80364748835564 145.19207555003243 True
618.2204318791628 12.951601122143757 True
135.35914538709494 147.31939195206388 True
425.7327397316694 27.596743085982236 True
1204.0621923431754 14.224413002242931 True
130.4809885583818 113.67918760834503 True
121.94660252332687 18.74969443576238 True
91.27490085083991 0.4911491107580506 True
925.6410946249962 6.235244646413971 True
319.14575600624084 53.51962820255923 True
991.3873224109411 3.2377820108144504 True
346.0871304124594 50.49137195223046 True
682.0065160412341 17.966908619577584 True
436.1652148887515 34.600351442367405 True
121.54900385765359 136.83272831514287 True
130.35072366893291 48.461469255293146 True
756.4661313360557 37.79830055763934 True
509.8060548938811 10.510559744642856 True
70.9575792774558 146.72769223782763 True
148.06883794814348 60.35336234066221 True
94.46382489055395 13.883800975460574 True
658.677373804152 18.96032580440914 True
983.458704393357 13.730494862224589 True
67.3215666860342 81.45507781831796 True
1067.4274674355984 29.0123529318529 True
440.04185143951327 52.61758522191769 True
312.22211170196533 55.401022971767 True
341.94692716374993 77.75747360851832 True
489.0446177199483 18.993289889882366 True
158.93873751536012 78.07565761173302 True
67.48810955137014 48.589409571238185 True
287.2218136265874 22.712301103706686 True
314.31650571897626 10.117576293581909 True
100.16015052609146 90.50676860226045 True
260.9209646000527 26.912417558840243 True
285.39262948185205 22.137689161781182 True
94.25260208547115 95.55483296765361 True
300.15109739266336 29.308893614010668 True
292.2703849077225 154.5793516293993 True
20.95249453186989 201.9551538421527 True
94.57398063223809 118.47856904399205 True
94.50950524955988 13.407399933915032 True
116.32227320969105 103.01950578747505 True
87.92421245761216 47.742208922319826 True
64.4816139806062 103.22838745538697 True
271.1320972889662 67.3166350352859 True
1098.825067639351 20.160029874933418 True
112.82626939564943 62.7349110924978 True
159.48714481201023 104.15124029735613 True
741.828707003966 48.37452218673736 True
753.7592775858939 3.870203094388995 True
375.7387466542423 28.550204008645665 True
2063.8030011262745 16.06680015813423 True
70.73637789487839 109.51875321349458 True
592.5417107976973 36.62494397963013 True
846.3187420405447 48.68054858223021 True
189.26713643595576 127.29993104592907 True
624.3507525995374 48.196223726282334 True
172.26229967968538 80.18996286586405 True
1559.6479983776808 7.053312483412525 True
64.26069907844067 7.450663868597053 True
57.319626396521926 55.518228973848856 True
116.22701864689589 13.905779800132766 True
101.78889509290457 108.29755780318818 True
1353.1079453788698 5.931572069302883 True
84.13836545683444 208.1180023396448 True
392.4988492820412 13.333117658775139 True
544.609367184341 16.80362292731913 True
173.14345240965486 18.661490142143478 True
58.69491334632039 301.897791420402 True
79.5156863629818 61.30965760406317 True
122.3989076167345 10.587495585515889 True
450.9958926439285 74.54409088991251 True
532.3276119865477 44.8687720784083 True
55.89381703734398 171.58766728281253 True
471.1115283071995 35.03720106776866 True
108.79470239952207 13.621050661323066 True
86.86178953573108 9.36051972814827 True
59.88879943266511 111.15032476729863 True
252.58996275812387 31.57428995240034 True
658.1242120712996 8.675214275732301 True
168.46328119933605 42.77457082322954 True
306.98629826307297 12.854453116123373 True
1013.0725971013308 15.571676014072565 True
45.40351910330355 121.459478016019 True
119.93119560554624 17.359139597142956 True
651.0401413999498 19.483534926081816 True
1996.6359744742513 8.49113291099093 True
114.61349795013666 56.13651664593191 True
183.76068624854088 40.55078482587291 True
187.04696188867092 0.4717346770861814 True
234.48376981914043 140.91801792769482 True
335.18600085377693 10.546185303422908 True
80.66646703332663 15.757451089154427 True
752.1680057942867 24.89886908787988 True
90.15409582853317 166.43615176748744 True
335.3261720687151 224.1884209680028 True
141.21666261181235 17.726520087185058 True
308.01857867464423 10.192868388867062 True
23.640508349984884 8.897471163623043 True
58.172149679623544 61.49259862680395 True
104.00815974920988 27.45799684907569 True
70.9207779224962 52.3645990846891 True
39.90139781869948 111.61721593387044 True
45.872235767543316 20.55294501594672 True
235.04295171797276 37.92940474653849 True
769.9889238774776 119.42826501841037 True
461.56872579455376 16.66069991781288 True
360.9330609757453 8.236993247202996 True
379.9278238862753 1.0626474528777212 True
389.1130225136876 1.1834186993324454 True
170.47559929266572 59.261134020716455 True
98.49949213862419 87.11815634796623 True
205.69036046415567 35.784964373632285 True
242.69552427902818 39.74443689168024 True
54.51756730489433 38.65803626226032 True
170.62895558495075 131.56378597584322 True
86.45971446111798 3.5384911467416393 True
493.7375665977597 34.21191954340021 True
392.8793771415949 46.50191853199114 True
365.6656858250499 26.50737440632256 True
256.59848607331514 21.205138899624856 True
100.0301697589457 48.83720379382828 True
121.36418570578098 95.75802307621849 True
495.0762723274529 48.3718715909065 True
109.7514781281352 41.65142986645775 True
140.0858541727066 268.7627827584814 True
324.4135266467929 53.76668401889375 True
1173.5630233511329 24.168327608377993 True
192.5297355055809 48.67916816083016 True
164.70248902961612 18.73406292015883 True
569.5334966480732 21.413611125332856 True
63.7403597086668 7.4561217643070385 True
108.78729468304664 95.88544783236529 True
716.2344653774053 5.631335821691546 True
67.16826844215393 4.826085457719163 True
181.28035911917686 18.936233522419105 True
83.89351158216596 140.2472285895598 True
256.87765308097005 46.51967313533332 True
143.8292561210692 30.450512312479923 True
6.834259744151495 179012.46718376243 False
177.25050656870008 15.495940088412885 True
220.42699392139912 14.895636557998301 True
357.6698342449963 17.282684166788325 True
98.48605759441853 45.67019151549793 True
934.7497717719525 121.65786364358534 True
215.38556580245495 34.747638898759305 True
128.91426235437393 72.51611266661551 True
96.79896651208401 63.30904533115127 True
93.11033494770527 101.48135845315507 True
122.36458116024733 81.94602123596455 True
338.5425474718213 99.67405822508564 True
47.43861708790064 7.82103622414056 True
91.80866038054228 140.98111387438303 True
34.88800698891282 45526.02298287792 False
113.59673539176583 0.25720837078439257 True
88.80657535232604 172.26870556884379 True
213.2642983496189 69.29768630688638 True
637.5830395072699 27.916487371848 True
103.1449895054102 70.22335853881405 True
118.84594231843948 49.49931966033288 True
0.647616982460022 201730.23070928105 False
1685.2772035598755 20.176017859334188 True
273.6259189248085 40.53118418382904 True
55.80041240155697 67.62869273249136 True
1034.8616858273745 30.493296278485143 True
120.18654500693083 135.23643833013367 True
58.09188213991001 28.230037551252924 True
271.3206610009074 60.31434138763211 True
71.37215173430741 128.02725939962858 True
402.3580817580223 1.4877207394343108 True
577.8702507484704 40.02582073116282 True
898.2853161692619 8.29725720809537 True
1097.950356669724 2.445337779450875 True
88.86397883296013 15.71694751132004 True
3466.9249245226383 20.443492631872846 True
104.16817849688232 40.90464332337909 True
394.6126451343298 2.704552777635226 True
65.34596631675959 70.73093209536533 True
148.32763471454382 105.69384347678418 True
123.74705837666988 68.38421598878446 True
449.66279781376943 201.86144294558267 True
303.30177626013756 48.85672357021212 True
1016.7713925428689 7.849522079542957 True
467.39189115166664 7.753493148587593 True
714.7581834197044 91.54426836628765 True
413.3276374004781 31.522051869785205 True
1032.414398547262 35.38774148818667 True
301.6559421867132 45.611128454079804 True
514.5850118547678 26.715589077647596 True
406.49181659147143 14.045848648412552 True
1001.9597031734884 64.15626073880972 True
93.66903974115849 109.8980711206567 True
886.9895706363022 18.041015430064405 True
525.4491229839623 51.83471837033141 True
266.0751333087683 109.31429012276999 True
89.06330431997776 121.3091089616208 True
144.26209793239832 78.74854894533013 True
392.2235996052623 50.191041400030464 True
39.909925892949104 55.206846474262306 True
234.8279613852501 35.29991163120952 True
477.24227087944746 31.74379577672584 True
149.89402318000793 44.88551595487181 True
199.4548719190061 129.34262073447806 True
263.5880911871791 122.92825802720938 True
166.04713259637356 305.7090242282306 True
14163.857252120972 1.2957050636927667 True
85.06203279457986 80.4249544300409 True
451.4853540882468 67.66368115091944 True
287.50546135753393 36.213259864863225 True
363.8969992590137 10.479199119923765 True
83.65295866131783 150.92438491699414 True
193.96453627571464 43.3673054049644 True
815.3769604898989 58.54362557673554 True
234.62136533111334 73.59513321384502 True
292.5506271198392 86.43575756893132 True
320.21083742007613 33.15856375538681 True
905.3072371985763 60.680353555277655 True
86.59705673903227 86.60367920162085 True
212.81280159950256 82.03061235483443 True
146.58185645192862 85.96737602106678 True
265.9499949365854 7.469671300071634 True
221.72003642469645 27.611140025395258 True
167.85114416480064 94.29731797088459 True
121.65472192317247 23.576913462708458 True
137.07684019766748 47.32456832104416 True
124.91359513998032 9.267534649117197 True
58.66103834658861 14.38560186283324 True
221.83803924918175 70.5453059418495 True
1122.07312002033 17.59310225779368 True
118.2503520490136 12.875220471067147 True
230.83207035809755 168.75119391723442 True
113.42563091591 22.182660397120795 True
266.8691881094128 24.562933743334224 True
50.21418337896466 66.61935612901587 True
40.83798648416996 13.643478545836569 True
250.09237545356154 56.72717177155453 True
556.4327708333731 1.399205941148174 True
134.97055577114224 8.209284460282053 True
294.49140249192715 60.9852981076606 True
80.02964096330106 0.7354355417927152 True
74.8396023530513 162.49910535700604 True
40.007518127560616 91019.79529113011 False
322.5239195227623 209.14127388812304 True
250.41465608030558 139.22610573980546 True
51.127800937741995 2.2041498557051633 True
357.574692748487 64.70167884180077 True
90.92474861256778 202.19596714697562 True
109.97981832176447 71.73325744709949 True
56.81332270987332 9.491884068557779 True
109.27453625947237 25.932867711530534 True
249.73318268544972 63.94006950735782 True
300.4715092778206 135.11733420907308 True
724.4909806903452 36.34683987837461 True
95.04153808159754 32.97756050537572 True
637.9183432683349 30.107115981695213 True
143.34318163059652 105.46305400331103 True
819.4617953896523 34.418817255179924 True
682.9975155293941 2.8873616257021744 True
187.0212738290429 134.03420829451306 True
435.92075555957854 25.566433861182205 True
52.84029995650053 174.60536295686796 True
23.882524147629738 62.528492264684104 True
264.5044705623295 15.533998432404873 True
204.56416538357735 8.835623301231609 True
77.6712730936706 174.9244271414556 True
130.0134229697287 85.43051764925606 True
176.78116992861032 52.13612439823995 True
199.40591025725007 3.230566072050584 True
57.903532192111015 69.14927140768579 True
63.64672925323248 7.0334420653513465 True
51.07184145599604 106.03822317901903 True
114.74114611372352 32.192784428000174 True
31.783583983778954 196.46592434498842 True
434.50971381366253 16.707810813135833 True
132.8558487445116 68.88952847132978 True
162.74509463831782 202.65675803682615 True
233.99021342396736 86.3630366337883 True
33.51808965206146 2.562786601107053 False
1125.3474741913378 17.792208583469094 True
301.85480412095785 44.35624565407544 True
98.97885055467486 68.34335416098878 True
147.4882534071803 102.44776745930746 True
55.07729283720255 67.32655586285148 True
1755.3636237122118 15.069675224398905 True
153.5217913016677 39.94396944762595 True
206.82061119005084 46.941043641152206 True
66.24834978207946 13.749968975752454 True
70.49058328196406 20.71419781148134 True
222.06615391373634 64.02769650371378 True
178.42801306769252 11.767103764623318 True
208.63597983121872 29.576300422435292 True
81.67800319194794 296.4281064680726 True
373.566199503839 7.124364691412784 True
127.16120378300548 40.40137876996896 True
108.59229062497616 85.1782987067054 True
110.51635095849633 32.75517890070006 True
669.0269932299852 18.74829434683953 True
883.2680748701096 3.009738812302683 True
481.82042311131954 45.22532834495385 True
237.77809588238597 106.53409079845652 True
256.1240024641156 22.905555087281336 True
980.1499983519316 8.46425779491468 True
77.68173114210367 370.6157460587945 True
1179.4112867601216 49.766612408779494 True
77.97106488794088 43.82804775356365 True
159.49304968118668 35.90776769677932 True
169.91798287257552 61.42429547714218 True
916.6078925430775 3.4523807217862053 True
1053.66986271739 16.72641511324552 True
303.11863537249155 42.304997091341875 True
1096.8322743326426 46.74424022687285 True
188.65159384906292 121.03173348173563 True
517.2218192815781 9.158213316292576 True
487.53594459220767 1.0944849583053515 True
86.88351602852345 42.70398264601261 True
111.22762810438871 97.27402610883657 True
3268.849403783679 83.3353556555457 True
105.75829589366913 47.52361250431825 True
67.8543112128973 91.63050976318705 True
124.39460135996342 148.59901517700834 True
120.07130221277475 63.14565768883086 True
211.3607170227915 4.33995713423877 True
327.2432256564498 61.15469145065345 True
103.65993534773588 125.82015194626862 True
51.50045458972454 35.207356510429435 True
1855.6771370396018 54.05364117828164 True
1127.5913869291544 40.83964140145515 True
9.654180025681853 91034.79878657464 False
345.4053180664778 12.687837095277754 True
141.76024377718568 47.693293109852995 True
304.4071907699108 12.334687115329997 True
317.47885164804757 40.83692507637599 True
525.5645855814219 4.0276194618784285 True
238.37349383533 3.740797453063683 True
947.8087247163057 49.09091485625047 True
1571.17804133147 30.74542412000158 True
54.887191623449326 21.804242305841992 True
61.39649760723114 247.13320607786474 True
215.00327924266458 51.36521287531554 True
146.79790733009577 58.42283294434496 True
55.92022043466568 26.27466379810039 True
87.71778034232557 30.26979121727215 True
192.7656272277236 85.90999931636304 True
461.5488538965583 30.283074352799435 True
384.1601126380265 2.4008390861501856 True
190.73943424969912 100.11466794395507 True
1041.185743028298 28.003429680623228 True
221.74746281653643 36.67811008396028 True
164.11049484461546 36.20101354324882 True
112.69303115829825 129.8913545523649 True
99.98610526323318 28.15761018445478 True
120.16078677028418 177.3728855629162 True
255.26853027194738 52.84055249253387 True
164.46829705312848 74.08315003835054 True
1144.951328933239 18.654982013742732 True
40.47693747282028 66.25546707006559 True
167.2868580147624 42.77780213458839 True
31.830373527482152 16.70632139035927 True
111.6292309910059 19.784795374130567 True
337.2414721408859 21.816042699602033 True
