lrg_paper/data/sv_overview_figure_10.ecsv
# %ECSV 1.0
# ---
# datatype:
# - {name: DELTACHI2, datatype: float64}
# - {name: dv, datatype: float64}
# - {name: accepted, datatype: bool}
# schema: astropy-2.0
DELTACHI2 dv accepted
[from data line 1151]
93.91573277488351 22.930442676468374 True
3695.7822304796427 23.677610252032686 True
57.51611281186342 109.75387221978741 True
1362.2405938655138 12.46344409984554 True
80.06087924540043 38.07268598951385 True
1034.4412986040115 9.623523392044355 True
385.01295391470194 43.65816630677711 True
77.16216276399791 65.53910109192527 True
283.02407881617546 115.56059987833446 True
102.61336724460125 21.14285493930271 True
974.9390252679586 10.960064205639451 True
1816.0292465686798 5.46884781274452 True
2252.152411028743 19.566510392267922 True
1492.5629437416792 6.53298829103847 True
356.2613793350756 5.976390021052543 True
87.51292549073696 68.07916093921217 True
96.50781625816035 25.933044876780738 True
783.6950250640512 7.136747305934901 True
383.71179915592074 4.068112686646825 True
50.88441777287517 50.978300870683555 True
208.7195759564638 19.81175217425093 True
215.22069120407104 112.88857144901132 True
496.00198259949684 54.093056346686815 True
554.1882262341678 68.16636902611233 True
86.7755634561181 19.568993799323348 True
1941.4027906060219 6.05412389263366 True
109.32350580394268 13.38836941144498 True
767.0873677320778 77.82688176652256 True
139.65194165334105 9.867464456175142 True
46.876544097438455 30.433887632981328 True
144.63011902570724 51.71061091582931 True
479.27333511412144 34.072966350446066 True
407.56426348909736 23.627528082660685 True
84.5930170994252 51.65987679158092 True
165.48391027003527 82.25936686186105 True
70.79441017657518 187.6087827487348 True
226.6050279736519 152.01127035578983 True
73.13168235123158 101.59268709483848 True
117.79574890248477 67.36529169363325 True
101.03125943243504 7.005906382926614 True
222.19189163297415 31.103036154780188 True
55.66308667510748 149.14173170694488 True
137.66265623271465 23.106811052764424 True
306.56021246500313 30.859893086848015 True
67.20791125297546 46.25992178906885 True
261.5107914879918 48.68838852765292 True
497.2296404018998 33.638994083059494 True
105.98119647800922 158.20457480869237 True
96.91166549921036 33.728460658483066 True
320.343877337873 58.73101953288132 True
564.5106872841716 28.794196617382976 True
975.3594267256558 17.440493632465067 True
177.31455062143505 4.136942332520121 True
596.461968831718 70.93079500772171 True
547.1739965602756 71.11189136661542 True
838.9532389864326 16.584319084291163 True
224.52003515698016 26.98859406461596 True
832.5904564261436 26.043860455396224 True
961.0601469799876 21.484335022766018 True
467.3019282389432 27.88102754080091 True
100.92855072021484 142.85066105233975 True
446.77561609633267 79.4020335201097 True
395.6565906852484 117.59703202649929 True
87.00627100467682 326.444834179987 True
139.46682595275342 142.17526637355758 True
649.7285723686218 36.75923242685949 True
299.9589446038008 0.10434814200870896 True
98.37022678554058 5.026314987519744 True
226.72533623315394 24.930452163786452 True
453.47476107254624 50.84908003922978 True
1081.294230170548 1.7350212569677794 True
394.52835050970316 2.314498732137975 True
93.90026890486479 26.113719009483024 True
45.41660775244236 126.89962360123549 True
178.59316419065 77.46696948605432 True
72.56552827730775 29.28685338673735 True
169.3486648797989 111.37646143601886 True
325.885066177696 26.74156748444404 True
84.21566212549806 43.879711317598314 True
731.9386377856135 1.1341196861929992 True
380.3580941595137 0.17681780341517492 True
569.3776929862797 37.92483026037098 True
357.00828766822815 35.58681283327147 True
50.95315666683018 97.04224003849014 True
778.6407177560031 10.115359447661481 True
275.63955353945494 132.9450678743642 True
273.1129973381758 41.506067055162745 True
148.01176346465945 70.88231156202146 True
188.94814948365092 7.288160079243433 True
45.413560424000025 5.607350405035616 True
768.3747240900993 10.235213447959659 True
1305.0198164936155 46.52991287836463 True
135.24771405756474 81.07241156418355 True
211.51620489358902 88.37507213386165 True
314.86449924856424 56.246413926332856 True
393.1733155846596 51.39639349677772 True
312.6991890594363 16.2456712591385 True
616.0658398186788 45.090684060292396 True
326.14617315120995 23.840257469520303 True
110.31765168532729 111.4056647153391 True
306.88316118717194 64.2348399043356 True
87.51255439966917 147.8340586187451 True
104.59838522970676 85.07678682006144 True
100.65705969184637 5.075376368714785 True
237.33670547232032 46.07296973333325 True
1546.8730887845159 18.376883394268948 True
903.4989267792553 36.239613209586764 True
67.72811747528613 87.69317658479706 True
639.2084844158962 88.03195026314302 True
87.06472301483154 129.08345419385927 True
786.785348251462 29.41129871146507 True
170.6178891286254 14.831995744908044 True
341.09457871317863 39.01432798772195 True
100.41993788257241 64.73413427593468 True
115.58847083896399 57.56653728005217 True
5471.0025416612625 28.11326126533106 True
448.5411289706826 2.0485742225112955 True
63.91864433884621 88.45224024829744 True
111.67407840490341 83.88846976282585 True
713.1375811584294 73.38798432076807 True
241.6783180348575 72.54197437269755 True
492.1016852464527 6.991698481324019 True
398.4274721592665 19.875446685086338 True
550.4619480073452 2.0005126581563166 True
168.03227284178138 92.6576495017774 True
69.98057422414422 21.858244360189502 True
297.6512552127242 9.213554135808357 True
125.31271189078689 134.3635463879543 True
145.65889329090714 35.06934260639125 True
241.10518887639046 27.289194624562324 True
410.6435826793313 37.85800285361664 True
300.6804855763912 28.884029341767754 True
707.6072082556784 25.66759694192433 True
233.6814845725894 100.37505121444794 True
67.59576404839754 89.30278966722666 True
236.03848571702838 126.36545466872103 True
100.18624822795391 206.26035592260888 True
579.9978351891041 69.38843144555211 True
12.786428295075893 111254.54260676696 False
274.83325649797916 23.77424627686292 True
300.6377574801445 45.93026310607603 True
1854.0390210710466 7.2442375588156835 True
1016.2015078719705 43.47497101049136 True
562.7949579954147 10.053163845144171 True
224.1471600793302 15.158839494883793 True
103.51969098299742 103.95323487262164 True
33.999744206666946 207.5102581530281 True
356.142768971622 41.74754678749772 True
417.62041660398245 26.398038614162182 True
451.93396785482764 33.24345853469211 True
110.0966063812375 57.251523191398235 True
1619.3374128080904 14.942750494739894 True
555.3289215546101 26.465444793492132 True
440.73082157969475 42.92198684564674 True
76.70108836144209 17.689019689072854 True
411.17548368126154 32.623612388710484 True
377.3352013081312 40.05104816739985 True
461.6562427133322 29.01262105079391 True
645.265116982162 22.91260393234223 True
261.45096347108483 15.961521657268731 True
147.85448094271123 67.29006055082611 True
752.4153772518039 65.5067047305557 True
234.38090026006103 20.690437121303376 True
227.1911916434765 27.61508804764101 True
219.3530847840011 45.96232814699273 True
44.548616003245115 23.80724054100253 True
56.54745311290026 18.285213916729848 True
140.86977630853653 31.036703590925597 True
414.7476336732507 61.07348141026648 True
52.511589750647545 62.13539373200481 True
83.76008594641462 128.5392220253633 True
99.09456276148558 11.755505642600644 True
169.57733566313982 65.69414422285782 True
1763.9581276774406 30.87027980180633 True
230.6622727960348 47.45617454097958 True
294.0411347709596 59.31688806598038 True
83.26509222760797 5.613523980030003 True
66.0904163941741 54.30529113950277 True
1022.1057983916253 53.61792093729931 True
299.87722162157297 1.074224830642324 True
133.17649598233402 250.02693831413936 True
89.2406737357378 66.97784063896644 True
696.8275172375143 20.47062750429809 True
118.67932530492544 96.09492264658432 True
55.82367173861712 105.14464216473634 True
770.2066379860044 22.637290956991716 True
570.7334919758141 46.2998821380907 True
81.02258738130331 4.500467456685107 True
226.57878790050745 155.1660954121607 True
549.8570172488689 79.02286025801631 True
226.04340099543333 73.56439099081149 True
46.47941054403782 84.02650000520904 True
128.5810364857316 106.81906300198442 True
923.116672039032 37.96966042611147 True
616.7370489686728 14.960656170627875 True
291.6040322780609 11.410001508863893 True
370.4063796289265 19.559922134768318 True
627.2187227141112 7.567017455528339 True
388.7183063663542 8.755046873121993 True
14.300876937806606 97.04411310989238 False
1259.510913029313 6.262095905722139 True
1939.6442215256393 7.58704743848551 True
1263.6924027949572 24.600216847116066 True
4.683932930231094 134919.16435187406 False
1069.574442232959 0.899025579894559 True
414.0107651427388 73.73359240510202 True
100.72857820242643 92.39295463973639 True
1379.3796677738428 52.09318632455077 True
111.59689314104617 20.034009290611564 True
999.9987480789423 8.88248752677961 True
142.66187811270356 2.940802425793835 True
76.34610463306308 64.20968537149612 True
120.89949633181095 4.116697067589894 True
1003.4391653686762 7.106755263266165 True
785.2051747143269 12.813615312685341 True
202.42467118054628 26.000935805978376 True
349.02863252162933 62.531593454016715 True
199.58132279664278 28.409024169255108 True
843.7414283156395 91.84972346875966 True
124.16709298896603 58.33257476590401 True
98.76057080551982 91.7041543494517 True
205.12550853844732 20.39029138819632 True
37.49733033776283 93.38546699089459 True
1170.7373019456863 16.74660461607166 True
292.24499966204166 57.31566243377709 True
89.1364221572876 108.89193566422355 True
2355.066144492477 15.84638955387885 True
715.878016103059 10.345514606753467 True
878.1715872436762 1.2386163589669896 True
96.29132754728198 5.39300549174321 True
93.195970505476 7.5554997403033095 True
225.4754303842783 19.449706474798024 True
114.2422398403287 53.741400508467265 True
165.946080096066 21.625285119018717 True
267.77045104280114 94.31186061680015 True
327.6092893779278 14.66159984976157 True
715.0453146994114 53.94382079037894 True
398.353507168591 10.037143932002161 True
215.83857613056898 58.708213476567515 True
514.3553774133325 38.17849856791641 True
206.62956988066435 66.15058624410104 True
129.7528265863657 98.49928502497545 True
1025.7965277396142 44.15896628111318 True
387.11736243218184 11.398554531264663 True
68.84598835557699 18.14093117515704 True
2642.111703366041 3.9746389590664566 True
49.20586349070072 56.95490766905364 True
428.3223239071667 69.43271076827604 True
286.84540072083473 23.303316390297955 True
133.4962473511696 29.019113466328537 True
50.41121210157871 122.49088314609477 True
126.83086143434048 49.88542809242026 True
27.618000645190477 51.556130713265276 True
88.33552268333733 130.0044137063101 True
104.58794170245528 17.925948315816353 True
50.707595866173506 10.384963717007242 True
656.4824477620423 8.376299381237619 True
170.6844656020403 46.98513991804087 True
523.4004545500047 14.813614031017298 True
995.4209656566381 80.19251641285003 True
104.3830978833139 12.102116289645355 True
51.99144936352968 129.88504047898059 True
233.1562742833048 12.016513577098307 True
470.11581337824464 32.56094172732315 True
1141.8757622130215 32.69041937345096 True
193.59553011506796 9.553992505891204 True
131.41965356096625 33.766813820374786 True
215.36485621333122 78.65648627969269 True
191.9870741814375 57.211639070025164 True
27.45740440301597 30.004551730117274 True
348.60859823971987 2.9858183980932167 True
125.45672700181603 73.8848217130694 True
23.347249560058117 68000.54320198711 False
267.48751601576805 28.960685533543298 True
690.7058486565948 110.89412658022903 True
1694.396734641865 1.6965685023025026 True
103.87168218940496 102.9303783811554 True
101.30587924923748 138.37727165933168 True
113.71789889782667 57.77970468025424 True
258.0626710727811 6.519851084445386 True
280.42742969095707 71.42224048761895 True
268.2913996875286 51.691527677327315 True
119.01867446303368 32.07417473250293 True
330.1639566272497 80.53947637768304 True
251.09736935794353 10.571313845893663 True
172.38849045336246 52.3591327359976 True
1655.1296733394265 26.205224509198057 True
146.18192586302757 11.495111751223584 True
120.45135316252708 23.648853070242648 True
820.7506688833237 50.82434508099513 True
82.30140459910035 159.52781455032348 True
29.617501363158226 7.601942866099279 False
1087.9400944113731 4.8379694871579595 True
55.171118080616 42.947704270163946 True
386.1245589107275 31.65167554034643 True
84.01936319097877 92.65919823374766 True
103.5829000249505 31.6100153586789 True
134.37446521688253 70.06330425983231 True
247.42173326388001 64.53151427016377 True
255.78339086472988 13.006521180763581 True
134.07990282028913 50.4692680130213 True
218.4395301155746 45.241146189310044 True
1024.2327491044998 30.378138757570788 True
80.19724191352725 183.51541529233066 True
351.63902589306235 5.072870221575455 True
710.6549154631793 4.717502443812421 True
86.46315901633352 97.20416134132293 True
1811.6034961231053 24.03864134417856 True
1444.6406536102295 8.768771058215671 True
249.26439379155636 114.7258075736279 True
1117.1245842482895 3.9317845985634934 True
164.3675583228469 5.675090677554625 True
845.6634749434888 12.308158161750422 True
1288.9692047834396 11.002443191117763 True
156.3253531754017 95.05716660137027 True
320.8385721798986 92.29227151516788 True
122.78178581222892 11.305773354217378 True
151.83743652701378 9.836570287509772 True
368.59175590984523 13.256124813067995 True
123.23005150258541 41.97715980032718 True
788.0529243201017 4.851724907373544 True
452.3838405907154 17.232291777238476 True
494.14612790197134 19.48034131725292 True
295.87912572175264 39.58625652560758 True
592.524064168334 36.241184132243866 True
61.16213773190975 20.768322352420093 True
214.16047848761082 8.511774674083037 True
33.89467939082533 17.45001306139126 True
442.8747308701277 12.06332339517268 True
149.81628845632076 1.1891977880762707 True
126.58439143002033 22.568694299619196 True
146.3604802787304 79.10660416502279 True
1526.7685703374445 14.007203210310527 True
83.97061760723591 32.234847082496245 True
71.5362504273653 71.62090820367317 True
85.35440509021282 55.3059998459377 True
774.1099463477731 29.888405445871648 True
172.35227611009032 36.839212324563555 True
188.8502181135118 11.761487904272386 True
323.79504908435047 29.26743016459133 True
873.1168052572757 56.2334025187668 True
446.86858496349305 22.079066472921884 True
172.4461071714759 39.37762351149538 True
555.2441450245678 0.413534304709606 True
199.3443126603961 13.244809258012246 True
73.83027316629887 102.13033565209501 True
78.29283348470926 27.03107804971301 True
585.1582852527499 3.1926185747500666 True
1026.1995433494449 16.123780517460766 True
81.71839700639248 119.07482869292909 True
178.99719596188515 49.22569198977241 True
239.1281606219709 15.216155575268454 True
1392.9856118261814 14.5188216285223 True
377.2017239034176 185.09660467429947 True
319.09644431993365 29.288465878943487 True
304.64771914482117 2.702099065185927 True
157.6789051927626 48.20916649748929 True
955.8274199143052 82.30353440549855 True
402.4429111406207 17.689343974652523 True
714.8015463985503 38.083981082783176 True
177.51107878237963 40.03784997102308 True
412.2635503169149 83.40028721970178 True
166.47065129876137 34.43418761017114 True
178.65999558568 175.11728763320846 True
576.2569477707148 2.9111695956783548 True
59.060300532728434 51.437319089175816 True
226.1170935407281 77.17324897899049 True
283.41379525512457 24.89607652617181 True
935.891464881599 14.466494923964232 True
169.50524883903563 19.076518568166083 True
273.38514751009643 49.792836478875465 True
280.9202681854367 42.14823243691976 True
278.79572577029467 11.313039399442301 True
822.6297006420791 30.411084781081847 True
84.13327955827117 177.86168620102754 True
304.84560815244913 20.53213819784125 True
317.05431274697185 79.92644982008989 True
38.90089763700962 41.21915030971944 True
50.59800224751234 99.18275470563441 True
27.311191588640213 59.24167337031733 True
132.73343087732792 13.538432868379633 True
12.229751635342836 8.564487461342708 False
