lrg_paper/data/sv_overview_figure_10.ecsv
# %ECSV 1.0
# ---
# datatype:
# - {name: DELTACHI2, datatype: float64}
# - {name: dv, datatype: float64}
# - {name: accepted, datatype: bool}
# schema: astropy-2.0
DELTACHI2 dv accepted
[from data line 1534]
520.4636309761554 57.08813309412229 True
96.32843601703644 1.7697117430911329 True
25.747067734599113 97.43101014515163 True
270.58750879764557 12.190826850981157 True
124.02151482924819 145.01710164105876 True
238.12218365445733 4.014885294140086 True
64.1276436895132 63.936678948260194 True
98.3996475096792 172.1582604547479 True
111.46917282044888 64.20885223313107 True
644.8618251793087 4.1091970931812325 True
45.86741266772151 160.9786731349127 True
145.70941097661853 107.40078962042783 True
52.08883856609464 69.192736755675 True
107.67709986492991 155.04912312161534 True
564.3027631640434 15.766748630278668 True
106.54147532582283 94.48699117289085 True
641.7678444422781 4.98158311033193 True
142.04549360647798 10.207719350151784 True
370.3362732389942 55.18087668478603 True
133.61373545229435 85.1300632007185 True
439.5136727914214 1.4830325245618314 True
310.4843144379556 85.52949609812065 True
1738.5205577984452 8.16937228372463 True
1010.0919450670481 26.745901325844905 True
164.9103716351092 70.47640590077496 True
312.1361080631614 121.14181695911513 True
327.7804340273142 66.27643216103608 True
739.4945163019001 12.360737061273804 True
774.4137931764126 40.16492958565537 True
92.32478184252977 40.141741181438704 True
1166.7417034506798 6.704591671691963 True
1817.936846897006 20.604221838445287 True
3279.749862730503 8.170918667094893 True
246.66852938756347 33.28284810971185 True
209.36829371005297 78.32209607358955 True
1399.7213919460773 10.121917122980904 True
1406.548347480595 37.66610270025606 True
255.19520681351423 6.573358809088291 True
587.3495461381972 79.91212024306924 True
1522.6610668301582 8.430150006925569 True
130.55047990381718 51.86659989590407 True
99.46942175924778 21.089484137196035 True
1425.5909228101373 6.175617717089213 True
19.511178743094206 30.248024557695423 True
136.7868009954691 8.316896330166994 True
98.96190681308508 56.46682149079471 True
138.88242913782597 59.63692640797667 True
449.1729863099754 16.831905137877236 True
1078.6975343599916 0.4088724598015391 True
571.0928424187005 48.247840682435815 True
329.42416429519653 24.729250984919954 True
2704.7824305146933 29.670786343242266 True
171.6413565352559 71.61622481416681 True
450.187298566103 87.41642989823762 True
338.60239355266094 68.15512882067485 True
409.42932215332985 0.4713189536248407 True
25.322479754686356 46.27969014953831 True
876.5999841615558 13.449245153464945 True
616.3430113308132 88.86092839463727 True
2636.935102842748 7.271616357420687 True
128.84855069965124 11.47540205073763 True
75.8108853190206 27.883058105214715 True
617.5542713701725 26.13965076296859 True
34.49105608463287 132.27753490274722 True
174.6249518468976 87.18219161489067 True
695.9799327477813 8.586475666281638 True
1092.1857596710324 24.834924433676335 True
356.34523828327656 12.141437095134378 True
357.2884911708534 16.256468094908485 True
1366.7806612998247 2.8885915255474837 True
819.3830699659884 23.731281280449064 True
206.94919988512993 148.20458592052344 True
1892.3669043183327 9.869820574893906 True
25.295126482844353 89.14063037504151 True
395.0158654153347 21.231368702920708 True
514.3320830091834 38.07765977457696 True
2741.2914819717407 23.745989766624465 True
68.25231998041272 168.8684057257785 True
286.1287295781076 105.13235732008802 True
84.3118044231087 2.7597417321505686 True
50.34853705763817 118.59053426547891 True
973.0549715943635 47.46224094605108 True
1218.5827074721456 93.29616895180268 True
62.290700018405914 6.024959481665687 True
291.86269406601787 8.847848094530413 True
597.5591087713838 8.222499833259882 True
96.05407428368926 13.55442452836188 True
376.86138594150543 8.210672880346037 True
465.58183678239584 25.78027773510009 True
184.88560841232538 97.01572914218566 True
879.3153639882803 32.451183934754795 True
1454.479433014989 22.900241056098334 True
224.82845354825258 95.80828458131757 True
2633.1660877875984 8.809677468181501 True
85.88378808647394 59.31327624410411 True
651.0929533322342 33.78378767637576 True
146.20583148300648 26.959347607391916 True
207.20381947420537 40.12236571749073 True
408.0178426988423 122.90957736429063 True
33.66964292526245 162.16790248706621 True
162.50756154954433 32.83660590914329 True
1111.8876107148826 25.653112594256726 True
1435.496718801558 22.708088143176354 True
1009.9828419685364 0.4126998251170344 True
245.7330843359232 4.356712988803344 True
792.4438241310418 43.722709196612854 True
109.1874158848077 56.80283428808751 True
985.4244474954903 20.55022588504379 True
159.72374655120075 100.24846212418659 True
117.22689338773489 26.67880694653175 True
582.5515468902886 6.9280103318483475 True
161.84820077940822 47.8177069545683 True
89.73671286553144 127.24695770123738 True
72.89559922553599 74.82313521157208 True
268.1133846603334 212.16651795576416 True
601.5515165310353 77.1550544209086 True
121.44813692569733 70.78026249700886 True
98.80957945436239 61.52902839405965 True
132.76333951577544 70.43965853930366 True
774.8893356472254 22.753290851362536 True
244.14982272684574 19.23579220167494 True
273.38631092756987 72.85427647785333 True
162.3477283269167 19.346136549882853 True
409.66267900168896 15.194955458740141 True
371.4256680980325 44.743169877425814 True
398.5039224475622 47.5839250745792 True
841.5403736717999 25.538413230127173 True
132.69230011105537 42.098764709910576 True
182.70580952055752 6.089458163380037 True
420.09652829915285 25.893378559359178 True
1906.538248449564 61.63013862040763 True
77.18555738776922 37.90744764796221 True
116.09119827020913 128.9176532537789 True
183.61114563792944 12.952207477791248 True
873.3047060785384 1.9431137501492226 True
146.5430173203349 51.08200476127642 True
642.578635647893 14.031130673007983 True
87.46389263868332 30.758119161406718 True
96.40425001084805 11.228655543638816 True
923.3472740240395 16.08527087361458 True
142.6855379268527 18.904940701757525 True
848.3259550705552 1.9382559582549275 True
242.10376876033843 21.72631747952606 True
290.19226470962167 89.90813407520302 True
35.71143955178559 40.74169677858954 True
230.79026129841805 118.12572320747789 True
91.27095909230411 44.71952426686188 True
155.35457836091518 61.37752019339995 True
325.6860680356622 12.963533866001915 True
72.42667966336012 55.727701490558644 True
141.86708137765527 17.390131046971494 True
96.2042455226183 88.3185125527593 True
74.65220049023628 311.28782416244826 True
83.62030876427889 124.65705520555919 True
463.49138745851815 0.12251998952264312 True
307.36599715054035 24.983467858271755 True
491.84786625392735 88.64106973296941 True
200.76054630428553 26.24593707278526 True
130.03438206017017 17.62066773100134 True
307.402820751071 1.012782767190657 True
157.6301019191742 158.63844930213767 True
240.84956070035696 8.364132528815807 True
37.74189714342356 128.27969312030913 True
252.8608709871769 40.12426661173928 True
1050.6774036884308 30.562166279814942 True
1587.4470131397247 10.015893139887535 True
195.01395534723997 19.59298517810298 True
178.5899128243327 58.26268798624624 True
344.8325143940747 39.52529045533907 True
158.24273820966482 57.32275297955534 True
89.24037132645026 51.74586826132521 True
116.59526231884956 41.57116707900802 True
145.94650161266327 17.4432312666576 True
193.2631236538291 24.357496701950915 True
794.2357537820935 35.26332835677029 True
105.27085688710213 81.54962013867078 True
1820.9511482529342 16.672120300860726 True
140.58118302375078 86.02256635220408 True
103.028350841254 53.682565520241454 True
216.96352932602167 11.105580123662577 True
2515.1213001199067 3.2999673523793334 True
241.6297486871481 16.294627363810616 True
108.76126075023785 153.1615283309976 True
298.5429753437638 60.23365758554873 True
56.35287456959486 92.98202169603438 True
109.48718732781708 66.02320499270492 True
74.01576054468751 14.27984645798825 True
70.66421072930098 29.647498666898638 True
203.90511329844594 39.193833132075 True
63.517194241285324 86.08683782757475 True
92.53053590655327 72.25946760431941 True
1944.0673604756594 13.053170416448339 True
433.37294719321653 0.2810827320914607 True
152.8757833391428 7.21215034116463 True
1333.9927527233958 8.505255077647675 True
69.42182627879083 115.66101861620997 True
279.4347890689969 27.676836219358833 True
193.7275444716215 59.158818877189674 True
147.67620610259473 65.18662931395585 True
84.73979006335139 26.79981060622475 True
275.7159433886409 7.82509297101542 True
132.80056424438953 70.87085699765761 True
22.90250007621944 59.602038070182175 True
871.0190186500549 1.551813437468283 True
91.43859880417585 201.1566273408008 True
163.21737000346184 18.526349485279045 True
453.9205393772572 12.792019630991716 True
730.0586506426334 9.077514274225631 True
376.17657903954387 13.8155277275513 True
675.3642419148237 22.700510957326344 True
17.170633986592293 42.627047470127984 True
57.44564842060208 40.60234010260715 True
85.38674694299698 213.54187964853665 True
39.5740319211036 10.51725637888656 True
84.42855819687247 101.26894694263851 True
426.8575211837888 5.111192861266647 True
72.46370039880276 92.52213527921252 True
147.1601828597486 181.95351693054002 True
493.2080336306244 5.053683690473034 True
69.14973111450672 83.17970476580798 True
103.75164890289307 390.75138136071774 False
1826.612401008606 61.26649959554429 True
184.69693951681256 1.9546874536360817 True
196.9117612838745 51.182292247291684 True
1162.404475942254 42.905412228602614 True
174.29653403908014 0.6678233269334246 True
100.38657234609127 84.58064991951957 True
352.2280630124733 6.090461681751435 True
138.07996611110866 49.86251674926962 True
118.46057600900531 250.5300728288841 True
195.04142098873854 86.79313674831369 True
2578.007078409195 7.956643938405578 True
165.90398082509637 55.66393990161681 True
139.20748062059283 16.597871078931842 True
66.36025067418814 28.775825889173436 True
46.842068422585726 68.16691747204656 True
849.1152635812759 61.61744897728794 True
427.31262988597155 18.631143979240182 True
196.2534439265728 0.5850792221782597 True
104.27752925828099 152.629733738601 True
3.0910205394029617 8.093466969726123 False
60.98525941371918 67.61254474928164 True
66.19170356541872 50.21569221581634 True
315.22664149850607 52.86413120027663 True
1067.7196299731731 5.146049919864681 True
163.1948197297752 98.6074057666537 True
250.5270683541894 73.17504349863822 True
376.80055060237646 19.99735597567148 True
762.7517359238118 40.34326253108053 True
114.53106173872948 22.61634562573057 True
72.82076498243259 72.00624620469499 True
692.1838408075273 24.421745463990256 True
169.39309177175164 112.7504038042615 True
1231.7893561087549 67.23195806701976 True
251.38538412936032 23.317798730687098 True
116.98911275714636 246.6454621362855 True
159.29634160548449 80.92238649383641 True
211.58818742167205 18.76737448088452 True
99.92330487817526 168.38937399019733 True
112.82209079898894 59.79238579482057 True
510.4743194319308 42.31193359449917 True
1340.613249257207 33.69180528877152 True
293.1423856317997 34.859672922710395 True
244.81467759422958 49.932839824997245 True
406.1212164759636 48.86159753042229 True
170.9489620840177 63.156785757711816 True
294.9069195613265 57.42521049137776 True
177.88512927293777 89.39997536208276 True
510.59696374833584 60.25111493365113 True
697.7158788330853 14.370300328745417 True
196.86039201542735 44.460747124377406 True
165.25571317970753 25.938812744758962 True
1239.4375202395022 4.199811755636359 True
102.63664992898703 111.66673336368159 True
485.9768378827721 14.62990420779019 True
72.29147372022271 107.07740013699564 True
35.854316134005785 169.81949874924115 True
482.8789551705122 22.637266914742092 True
182.6756410705857 20.053866049715303 True
2012.788357872516 11.867083837385415 True
204.81464269384742 106.45837267707402 True
3.535487308166921 184.56744590247038 False
611.4249098300934 25.881427992693148 True
62.538293017074466 2.729511482439761 True
178.56086837500334 32.537902649720714 True
1111.0282178632915 1.2921784761816253 True
50.250973135232925 43.72509257352339 True
1307.8944020271301 102.93033607670941 True
227.1463997066021 72.4355130614661 True
110.10094907134771 118.66332075410597 True
984.7856061048806 14.031748224882358 True
421.8475107550621 13.92945725697728 True
247.84566594660282 19.79470378787527 True
227.75648803263903 11.944182839199886 True
76.50670969486237 136.03460691197662 True
396.50961804389954 17.28017216393006 True
86.6804268360138 103.06472965791521 True
352.91321435570717 49.145250811689 True
181.6585195735097 19.408168092101995 True
465.2705070413649 35.004720810865635 True
137.7379443347454 33.064451207070974 True
657.0821768976748 30.12137485115518 True
167.9426661580801 301.32661941248176 True
371.03597854077816 2.9038257812660335 True
1344.0877102352679 23.043242880475063 True
135.12770157307386 43.45506498710609 True
1313.1481806188822 36.91417499309108 True
202.29401971399784 19.563030179638165 True
313.5998364724219 65.19889413162713 True
110.10168263688684 48.292188732186126 True
363.0076294206083 66.39418973366428 True
3048.0137878656387 20.27564921876004 True
1384.9136227592826 14.003946590961206 True
166.04594488441944 61.15953084801425 True
554.426777176559 7.889717898041607 True
1921.0344657301903 4.818686120659349 True
139.25520172715187 70.49910468206626 True
127.71990562416613 104.16828639506886 True
99.50767064839602 13.853710172431917 True
94.99015899840742 169.60850224447907 True
928.7647973671556 5.092009558708824 True
230.99779496528208 50.22175562210797 True
147.15631291549653 120.95929663960175 True
866.3599088937044 20.86592232559637 True
84.05667228996754 89.89316015289918 True
1945.0251283794641 7.9699934495921125 True
752.6364729553461 6.247557649529187 True
1889.4322607451304 33.20660571239564 True
171.00768883526325 31.093457041451863 True
310.73763129115105 9.136000584834347 True
2683.7383990734816 21.938186231156948 True
808.9835166484118 15.617369532222128 True
97.50530999340117 103427.26664109812 False
162.44269728893414 164.19631948790573 True
522.496440242976 15.213898834675472 True
259.9853057488799 28.370957596372953 True
135.37386763840914 27.63505864027062 True
188.8104137443006 30.333885438668677 True
62.01741614937782 57.91908823476134 True
401.7817362546921 19.946902715348994 True
678.7423383705318 26.112802308636603 True
761.7679311409593 37.66313605966837 True
623.7116003185511 4.414855186348654 True
497.08309213630855 65.45036077186204 True
50.16587380319834 96.22848876469835 True
600.2143570333719 53.48786084229483 True
17.788580674678087 74.26653562169473 True
243.73933765944093 95.36479886985192 True
822.8943451866508 31.375051722875178 True
687.2429691031575 16.118054540480337 True
1197.0865819007158 5.139294432521754 True
357.5649696588516 52.999489999376074 True
164.99584779702127 24.653462227087534 True
130.3663848899305 113.99770464956298 True
366.4645555559546 35.71509472102652 True
503.7132165580988 21.302251513370233 True
1618.7741966862231 6.44288914784916 True
56.61775711923838 35.653651538498934 True
410.4206813685596 51.81820577568281 True
215.00400269031525 53.681552527549805 True
385.11471731215715 6.742816510704385 True
181.4849929884076 213.42889090489882 True
109.76323540136218 115.26430922073287 True
107.90168316662312 229.8246296876321 True
146.78698113560677 12.164478000424914 True
123.46076034754515 18.771149823475337 True
136.5741614960134 73.73778533008645 True
90.85982662439346 119.96582203462903 True
165.50948336720467 76.90562751932619 True
856.9991868715733 72.32928066709847 True
67.07829068601131 0.43250233827770196 True
1439.597668286413 20.06440126226212 True
240.91563293337822 51.54286919721776 True
622.520221143961 47.39131078213203 True
67.44062257930636 73.46932098893627 True
1204.5360511596991 3.0741354048337426 True
208.96594901010394 55.12689912114522 True
62.41452461760491 97.53445413970967 True
141.85267466306686 13.659702718619409 True
466.8482804596424 7.556633361605259 True
400.27551461104304 47.28510362899702 True
