lrg_paper/data/sv_overview_figure_10.ecsv
# %ECSV 1.0
# ---
# datatype:
# - {name: DELTACHI2, datatype: float64}
# - {name: dv, datatype: float64}
# - {name: accepted, datatype: bool}
# schema: astropy-2.0
DELTACHI2 dv accepted
[from data line 2683]
1001.3013138733804 25.910578604935047 True
97.7183766067028 102.3114216079705 True
492.1280282922089 9.471419657067381 True
138.78317504841834 25.150673837246114 True
7407.801045075059 14.76305399547459 True
100.8032621004586 78.28880555057556 True
278.75814628601074 82.505640760878 True
1571.2284914851189 21.326265693682057 True
1649.8418978750706 18.495466247534235 True
728.1602338850498 27.029735527617934 True
302.8283258229494 16.58717566907553 True
1520.7376950606704 14.94310141961045 True
139.82818108797073 48.94678067846593 True
161.69265952333808 38.77251859295767 True
510.1850134693086 5.4230588738024235 True
1098.8017932921648 1.4822719759663334 True
1167.4802419822663 43.7833731378237 True
351.38415283709764 36.57553968477011 True
97.79636161029339 91.55169481644081 True
171.6647973433137 101.28164045307422 True
110.0875314027071 109.91468838814575 True
312.6609371006489 116.87056894411253 True
307.1500978898257 132.47498537006757 True
80.13860213011503 108.40832051289667 True
183.30344948917627 19.683885362633998 True
44.13177051395178 16.87885553513722 True
138.71783728152514 95.27306708683298 True
376.1035812906921 30.379067572712742 True
498.6172036379576 3.9326099668500416 True
2101.8362845107913 67.20872313450454 True
994.8360907137394 41.665703582397974 True
741.947572901845 57.03558794179312 True
48.838191747665405 9.783002423742191 False
677.4345053508878 98.7605693197879 True
932.3750773668289 15.955305744354597 True
91.91650436073542 93.20802661593912 True
98.0338406264782 12.927500369485115 True
170.05789441987872 80.07006876682834 True
631.022194750607 21.36421972416616 True
199.16010908782482 44.92188779999523 True
106.82363362051547 52.650124625139135 True
2423.952326964587 28.125480561303455 True
369.430954515934 41.41764171375365 True
118.26207402907312 79.65960652403466 True
179.06242813169956 127.87015812361149 True
90.12337436899543 169.73455916578718 True
2821.536084204912 4.206962894966729 True
65.79996205866337 53.72725043808298 True
218.20261142402887 55.60263202554499 True
246.34108048304915 79.34838175098275 True
429.49736474081874 104.41673615134579 True
672.0400899238884 50.92986720958822 True
120.93242692574859 21.563117443560273 True
94.59937664493918 132.1400078711454 True
36.94967216998339 27959.313634129023 True
109.82124724984169 77.58511596852227 True
51.93194726109505 19.723677069358732 True
1099.880829617381 51.71281938228779 True
641.2469740472734 30.778690990178816 True
473.6121379416436 110.86413668405201 True
490.170633494854 4.085990449264715 True
750.6113829016685 26.276381562375697 True
432.33992587961257 37.861258715760876 True
1021.5242105685174 4.1646085033222136 True
2277.766637444496 3.9917711874120685 True
115.63506697677076 48.86456014534894 True
117.41268350556493 18.318231108116194 True
1326.9702640399337 43.72912931572906 True
14791.757062673569 5.651933084886569 True
140.85833854228258 306.4143853524852 True
274.74123269319534 23.144840208823744 True
97.28616070374846 119.16558589600551 True
590.7893769834191 15.504648046177044 True
1898.86697755754 3.109880252763844 True
178.47887007053941 109.46757954360339 True
240.44741973280907 12.66011286109272 True
1461.09374653548 21.152892836138722 True
671.6147076189518 40.45126789691091 True
242.29864321649075 19.25881209279854 True
107.79318718612194 29.40228136309524 True
73.61075111187529 1.4477712054105003 True
120.79656478390098 3.7991952763483794 True
104.99696977436543 57.1135104088771 True
168.1278335414827 1.6362918346617887 True
58.01605667732656 91.4701672936707 True
52.90751130692661 93.495488075408 True
218.70520647987723 49.58421302873906 True
522.5484529919922 62.792878937510956 True
710.3747765682638 96.60223863585307 True
74.79974792338908 15.39463869435132 True
81.81683131679893 37.61362930419785 True
687.9326733751222 76.33728568616476 True
192.3631322644651 36.51233394116926 True
44.19052806869149 171.36293593890193 True
803.0460573155433 159.48110803921597 True
106.96948094293475 188.68021443040163 True
861.318361222744 56.87062930787252 True
62.34539067745209 121.50286655190448 True
109.24362149834633 85.3526397436765 True
385.5918373502791 26.36914503007368 True
492.7421617731452 18.234889835007444 True
131.3433079496026 96.36765262483854 True
331.7746080160141 36.217949400786665 True
59.38273560255766 4.931459523729379 True
23.479425862431526 63.2803510073153 True
774.3410997092724 29.625922914831083 True
86.83739060070366 57.08961168885885 True
77.89313730597496 42.44447995114847 True
166.03449822962284 37.93076431690269 True
103.99679511785507 52.21222214503069 True
75.45870940387249 68.56432202116989 True
54.37402881681919 176.57242120383313 True
623.3439093828201 7.517790453447965 True
534.426022388041 27.391575280131683 True
394.4198673069477 53.58508634849406 True
86.59982303362085 103465.41897302557 False
109.28625819087029 3.9359175581872163 True
949.0704722478986 6.285574688120248 True
1175.1865271925926 5.3380976927585655 True
131.4492777734995 64.11820137264446 True
1108.541175633669 1.7412010648055416 True
51.70522576570511 41.59201593470894 True
91.84414955973625 56.747272710049266 True
524.7305819839239 33.06891570317337 True
174.57414196431637 84.78632707046773 True
62.03281034529209 8.727212758184676 True
1.199088416993618 19894.644306021783 False
1110.114027455449 34.912741543980964 True
756.7326528280973 4.0266777959709925 True
139.97100011259317 70.62487404532654 True
1291.3414293974638 29.314680347668528 True
750.7098863869905 39.03142234620021 True
112.03224812448025 22.010709531809884 True
66.95545135065913 375.1809209870716 True
328.04979635123163 69.24007900875338 True
109.83030949905515 7.420956599361071 True
128.0213923305273 138.9299743467017 True
39.70964640378952 99.56241885546235 True
452.5409560184926 26.701280871522165 True
60.62028466165066 4.107295260031607 True
277.82854878902435 165.3805845924301 True
611.4413788691163 83.37346340581038 True
92.16580044059083 118.81635228186128 True
382.91219555027783 18.698321412750108 True
568.6587627269328 47.91088830716876 True
64.86357476562262 174.04029818580923 True
199.2133140861988 15.102947864409165 True
145.54170725494623 39.165402090549534 True
63.752522019669414 37.34953383870666 True
406.06618556007743 19.445183173295263 True
112.07864702865481 75.1401757989663 True
125.2451398409903 3312.5460268557977 True
113.53014634177089 4.781628638986696 True
211.45646184682846 65.12068179299807 True
114.4163433238864 54.870374553998936 True
307.84485954605043 43.676654196640776 True
198.209019895643 141.46582958713657 True
15.018344283103943 61.76698513245224 True
104.7105943672359 107.6103109380526 True
285.46854412928224 10.426075707120889 True
269.30688297748566 57.72989194577682 True
93.08068844676018 22.845034897839547 True
156.49660081788898 117.39274415744602 True
3777.2303097248077 11.908301937387078 True
102.47647034749389 167.15393926327812 True
90.77521126717329 36.844885229363456 True
37.15920718759298 85.74100303477526 True
85.98856653831899 140.14885559286287 True
108.38728289306164 66.45516357078097 True
257.5891011059284 4.053656955775916 True
457.5094330459833 57.90770682137518 True
159.6933395564556 11.108759790279816 True
158.66889713518322 4.631560877741643 True
1211.6032603308558 75.29964122586537 True
88.4052801579237 63.791337953113185 True
198.1973294597119 7.384850572067422 True
275.35141360759735 16.21369723615918 True
111.61886610928923 102.45907736911394 True
378.7292081564665 37.59781165299597 True
386.30207632668316 19.532705700287675 True
337.29603631421924 21.026750239685608 True
2186.415680631995 1.244549855270218 True
179.4468218535185 38.940046277208005 True
136.84426848590374 13.497456655989682 True
90.9285427313298 41.82881664260413 True
174.42897482216358 17.496961763429205 True
109.5888441503048 46.043453236222916 True
860.2433788692579 34.62926260322709 True
310.0418380908668 33.411534647901796 True
175.3762466609478 5.82228699913284 True
169.71348275989294 41.88117456894414 True
1726.9462907612324 37.517226620810376 True
338.8271688334644 18.620407256238217 True
106.31028096750379 206.25088440533122 True
576.302555218339 115.48783585446863 True
58.92516642063856 45.986437647577155 True
90.6034564524889 43.03737120922723 True
330.0515820533037 20.800787760931446 True
1221.5641153976321 49.253746852138306 True
645.0398497730494 22.604485009025215 True
182.85085912793875 213.333672794106 True
76.79195497184992 49.594353757399915 True
41.77001715358347 72.24397245237073 True
151.01270899921656 30.852162520652595 True
98.39201165735722 91.66568257637148 True
455.5528093203902 10.038912649733362 True
233.159203954041 76.43037602362757 True
1316.7927126921713 6.6126488852177 True
189.4021013379097 72.86611131033541 True
136.02986924350262 84.12052227772413 True
182.59619691967964 17.730247211112243 True
169.4526705108583 27.46436222856608 True
186.1541198734194 20.70874017377104 True
338.28986866027117 27.449577324141206 True
83.62431591376662 79.73400996630293 True
598.6351323314011 26.467901188964387 True
21.340499505400658 242739.5666374949 False
103.22709902375937 58.70379872231703 True
169.89065027981997 43.511621306898135 True
420.613088876009 73.64495936398473 True
64.71766670793295 88.78269339883747 True
42.06997391581535 28.857279307676873 True
308.9693484362215 26.576987658727102 True
0.2460736744105816 75888.23123089263 False
341.4078500084579 59.867677788369065 True
65.69915494322777 212.5340034804023 True
37.16771759837866 10.02186137430775 True
139.98561694845557 14.491901774437446 True
147.048548579216 129.99125813391998 True
63.78766765072942 24.06539297803331 True
53.01722454279661 17.05786090349023 True
164.34460557997227 6.072522362743903 True
131.394546341151 10.637765898369508 True
614.5270436936989 46.61342376942972 True
227.49647026322782 99.22702321839436 True
257.0536054847762 42.74476527082094 True
77.21801570802927 75.76487303526453 True
491.3467883374542 30.133767752270092 True
127.30998557060957 59.61597378487026 True
3175.802204787731 18.502765454125747 True
95.84146165847778 48.39962753235793 True
265.10387375205755 49.43776668610071 True
121.25382443517447 22.555686118720025 True
184.02179539576173 48.6667713158633 True
147.43090415373445 127.26119849270864 True
25.70756172761321 124.49913428901874 True
79.31852709874511 8.916658628329026 True
552.1877716854215 38.30161857976992 True
497.83248883113265 97.67833125954071 True
100.18926465138793 29.498994131595435 True
84.97764724493027 154.3620409163272 True
115.78605366125703 164.59974551028344 True
718.9445641338825 88.97964344675661 True
95.82391415536404 87.24954641494013 True
565.919933469966 11.029986483518538 True
169.1051303371787 84.55693494208708 True
170.1804155409336 37.72271435533864 True
638.2697045952082 46.045396603606214 True
121.79879140853882 29.414772564017426 True
1382.1949539259076 54.13812506909859 True
1803.0597992911935 12.58477777975264 True
78.17906272411346 21.012559712069386 True
92.0554881952703 87.64156263451943 True
123.88969368487597 50.919653115615915 True
236.89701284095645 109.95273262971114 True
1233.5837633758783 58.62017921791131 True
68.0023582726717 38.75119653964596 True
678.9865559712052 76.42287193137642 True
25.2965607047081 2195.228848272531 True
229.62316712364554 35.22469486851532 True
840.5877553671598 45.1138669401715 True
398.1348249912262 213.16378620007907 True
46.8436622787267 29.312434949201204 True
141.72623322159052 36.103916850969114 True
376.97606252878904 35.96058159544744 True
198.24022855982184 49.86094982030176 True
949.5699592493474 9.598535132037245 True
436.3491012752056 13.413098345873403 True
530.5124025270343 43.20310173201434 True
1907.5766329020262 19.47141896805539 True
120.93413238227367 173.78429541954338 True
204.53738405834883 74.7847559369656 True
157.08305602520704 135.4796552111376 True
120.97807070612907 83.73212883888225 True
113.1770564801991 41.74132804419513 True
49.31083166785538 194.66997931907127 True
118.74188943486661 135.4830687476206 True
119.20573705434799 20.516710637390382 True
365.67378133535385 10.46032051420346 True
126.78887423872948 109.75163539396596 True
56.564201567322016 125.9903557557987 True
124.3300411477685 10.680395579265596 True
109.4743289500475 51.91935597481079 True
111.62835429050028 2.1875991889161472 True
602.004482910037 111.00949627291433 True
3898.2149777412415 10.108795425334108 True
89.21478562802076 5.405521179558794 True
65.22905937954783 59.40937524969544 True
240.91397657245398 11.003840907763273 True
138.04558819532394 1.2524470836187365 True
307.7093432545662 6.327494574156537 True
231.83216952718794 27.355424510934746 True
1437.7462964318693 9.135920311604853 True
353.51476875692606 47.146288843618365 True
93.53890340030193 27.363813302462024 True
308.2564941011369 77.88328966702369 True
82.01371296495199 218.2905001485356 True
987.1196414902806 20.99984571219718 True
853.0497346520424 29.97834460230771 True
142.10372577607632 105.48781763888364 True
631.0238052904606 53.13488923757222 True
174.93658228218555 18.976992498468057 True
163.3855318884016 13.558889375224155 True
642.7316960990429 73.73383317605432 True
398.22726498916745 7.998211934307164 True
481.96129024773836 53.04135603496949 True
606.0408343821764 85.98802920299632 True
98.56345684081316 53.51212731460737 True
15357.23832321167 14.873566328706946 True
149.2395454726884 23.19375517042362 True
266.2236137925647 2.2273798762100494 True
427.2983693629503 33.0632045547073 True
234.39581307768822 108.41616274004596 True
290.7332952991128 40.8869500860538 True
50.30743420124054 34.38183080335447 True
653.3123236000538 22.258673173352136 True
234.02309148944914 36.32195873314112 True
148.2499604821205 129.38599075774763 True
135.70752230659127 138.58995590806575 True
103.34769393876195 91.57620710060279 True
759.2946178168058 22.837744670067206 True
157.9132066220045 3.7066553220910814 True
358.1561683267355 9.771150522449409 True
901.0073723681271 3.4392972200139935 True
39.98347491770983 19.340632014301317 True
59.97629605978727 73.03997693718611 True
455.724364397116 22.53933838543168 True
89.4556654766202 85.21720536859614 True
626.4565774351358 1.7821348380066224 True
85.90533403679729 44.62014894778036 True
105.2833322584629 42.73978182234847 False
215.30061550438404 91.5601796490558 True
179.69473835080862 17.79420054527826 True
281.390802372247 11.238283363620964 True
480.6613811776042 48.52306133118599 True
3011.142864178866 24.621531941039837 True
221.02661729604006 29.469036104154075 True
334.7014365904033 6.207197272867091 True
197.05708807706833 52.725209632440716 True
161.96619732677937 103.13830489708114 True
110.53513795137405 119.11586132126604 True
248.18143145367503 65.36974413689902 True
430.7934285290539 14.099853974512886 True
88.32241156697273 21.290289183210206 True
100.50200662016869 144.6193867179925 True
229.90560840815306 29.0291145526679 True
110.01567538268864 146.4016691647074 True
556.5668124854565 62.429198983445076 True
478.86686389148235 73.50703942726608 True
106.5622817389667 34.35426222486161 True
340.01330634206533 19.31188312267938 True
126.9360499382019 114.03477664092684 True
1915.8388737738132 17.349368365805827 True
329.36122208088636 43.173682905640305 True
1184.239183112979 8.889597762686135 True
192.24804423749447 11.3907587637069 True
765.552393309772 3.0834944093763714 True
176.21369271725416 108.10080416930099 True
273.2624705731869 80.7966032509905 True
82.52236679941416 10.318037698702357 True
99.62782657518983 16.298588408933977 True
956.2055380307138 35.8190678608241 True
336.95777175575495 45.16487230206835 True
1327.292966907844 19.553653420816886 True
584.0717215444893 10.679079712726413 True
76.61656729318202 71.34108724919892 True
151.06306956335902 170.61390085689274 True
116.5455141812563 112.8654085060071 True
9.16880338639021 58.97791296581754 False
65.58400700986385 95.332188815598 True
152.8245307393372 123.07170191927696 True
142.12490556389093 8.677200187213883 True
